3


4
0.0955806 -0.544121 0.0671751
0.00719224 0.573459 1.41068
0.252944 0.760618 -0.511218
-0.0774058 0.0717486 -1.14545

6
1 2
1 3
1 4
2 3
2 4
3 4

8
-1.4 0.643458 0.775376
0.5 0.643458 0.775376
0.5 -0.353459 0.696917
-1.4 -0.353459 0.696917
-1.4 0.721917 -0.221541
0.5 0.721917 -0.221541
0.5 -0.275 -0.3
-1.4 -0.275 -0.3

12
1 2
2 3
3 4
4 1
1 5
2 6
3 7
4 8
5 6
6 7
7 8
8 5

6
-0.0413282 0.133163 -0.025
0.182746 1.77599 -0.0672055
-0.219145 2.39186 0.992993
-0.443218 0.749036 1.0352
0.267122 0.704283 0.498062
-0.527594 1.82074 0.469931

12
1 2
2 3
3 4
4 1
1 5
2 5
3 5
4 5
1 6
2 6
3 6
4 6
